0 1 1
22 10610 3 748
41 476770 104934
44 1956087 469406
45 2817960 665499
46 6058764 1271394
47 9280596 1835195
48 13088224 2460226
49 17026023 3064339
50 20401641 3557840
51 22848331 3904950
52 24464747 4129651
53 25595084 4290653
54 26326497 4419979
55 26726832 4491872
56 27719841 4740648
57 28860793 5015959
58 29952365 5278706
59 32135962 5807333
60 35025905 6512208
61 41203905 7816812
62 53704129 10082061
63 76404721 13715266
64 113705869 19196045
65 163521610 26183340
66 222279677 34386212
67 283397849 43202747
68 345511512 52692566
69 79667827 63613553
70 171182440 77084083
71 168629626 95629218
72 366281420 119362601
